# 01_0010_003 | Inter-Dipole Distance:  3.00000000E+00 um
    287 # Number of Dipoles
   1.0000   0.0000   0.0000 # a_1 vector
   0.0000   1.0000   0.0000 # a_2 vector
   1.       1.       1.     # d_x/d  d_y/d  d_z/d (normally 1 1 1 )
   0.5      0.5      0.5    # location in lattice of "target origin"
# um | a  1.22758720E+01 | p  4.45500000E+02 | s  4.73400000E+03 | v  7.74900000E+03
      1    1    3    0    1   1   1
      2    1    4    0    1   1   1
      3    1    5    0    1   1   1
      4    1    8    0    1   1   1
      5    1    9    0    1   1   1
      6    1   10    0    1   1   1
      7    2   10    0    1   1   1
      8    1    3    1    1   1   1
      9    2    3    1    1   1   1
     10    1    4    1    1   1   1
     11    1    5    1    1   1   1
     12    1    8    1    1   1   1
     13    2    8    1    1   1   1
     14    1    9    1    1   1   1
     15    1   10    1    1   1   1
     16    2   10    1    1   1   1
     17    1   11    1    1   1   1
     18    1    2    2    1   1   1
     19    1    3    2    1   1   1
     20    1    4    2    1   1   1
     21    2    4    2    1   1   1
     22    1    5    2    1   1   1
     23    2    5    2    1   1   1
     24    1    6    2    1   1   1
     25    2    6    2    1   1   1
     26    1    7    2    1   1   1
     27    2    7    2    1   1   1
     28    1    8    2    1   1   1
     29    2    8    2    1   1   1
     30    1    9    2    1   1   1
     31    2    9    2    1   1   1
     32    1   10    2    1   1   1
     33    1   11    2    1   1   1
     34    1    3    3    1   1   1
     35    1    4    3    1   1   1
     36    0    5    3    1   1   1
     37    1    5    3    1   1   1
     38    2    5    3    1   1   1
     39    1    6    3    1   1   1
     40    2    6    3    1   1   1
     41    1    7    3    1   1   1
     42    2    7    3    1   1   1
     43    1    8    3    1   1   1
     44    2    8    3    1   1   1
     45    1    9    3    1   1   1
     46    2    9    3    1   1   1
     47    1   10    3    1   1   1
     48    2   10    3    1   1   1
     49    1    1    4    1   1   1
     50    1    3    4    1   1   1
     51    0    4    4    1   1   1
     52    1    4    4    1   1   1
     53    2    4    4    1   1   1
     54    0    5    4    1   1   1
     55    1    5    4    1   1   1
     56    2    5    4    1   1   1
     57    0    6    4    1   1   1
     58    1    6    4    1   1   1
     59    2    6    4    1   1   1
     60    0    7    4    1   1   1
     61    1    7    4    1   1   1
     62    2    7    4    1   1   1
     63    0    8    4    1   1   1
     64    1    8    4    1   1   1
     65    2    8    4    1   1   1
     66    1    9    4    1   1   1
     67    2    9    4    1   1   1
     68    1   10    4    1   1   1
     69    2   10    4    1   1   1
     70    1   11    4    1   1   1
     71    2   11    4    1   1   1
     72    1   12    4    1   1   1
     73    2   12    4    1   1   1
     74    1   13    4    1   1   1
     75    1    0    5    1   1   1
     76    1    1    5    1   1   1
     77    1    2    5    1   1   1
     78    1    3    5    1   1   1
     79    0    4    5    1   1   1
     80    1    4    5    1   1   1
     81    2    4    5    1   1   1
     82    0    5    5    1   1   1
     83    1    5    5    1   1   1
     84    2    5    5    1   1   1
     85    0    6    5    1   1   1
     86    1    6    5    1   1   1
     87    2    6    5    1   1   1
     88    0    7    5    1   1   1
     89    1    7    5    1   1   1
     90    2    7    5    1   1   1
     91    0    8    5    1   1   1
     92    1    8    5    1   1   1
     93    2    8    5    1   1   1
     94    0    9    5    1   1   1
     95    1    9    5    1   1   1
     96    2    9    5    1   1   1
     97    0   10    5    1   1   1
     98    1   10    5    1   1   1
     99    2   10    5    1   1   1
    100    0   11    5    1   1   1
    101    1   11    5    1   1   1
    102    2   11    5    1   1   1
    103    1   12    5    1   1   1
    104    1   13    5    1   1   1
    105    1    0    6    1   1   1
    106    1    1    6    1   1   1
    107    0    2    6    1   1   1
    108    1    2    6    1   1   1
    109    2    2    6    1   1   1
    110    0    3    6    1   1   1
    111    1    3    6    1   1   1
    112    2    3    6    1   1   1
    113    0    4    6    1   1   1
    114    1    4    6    1   1   1
    115    2    4    6    1   1   1
    116    4    4    6    1   1   1
    117    0    5    6    1   1   1
    118    1    5    6    1   1   1
    119    2    5    6    1   1   1
    120    4    5    6    1   1   1
    121    0    6    6    1   1   1
    122    1    6    6    1   1   1
    123    2    6    6    1   1   1
    124    5    6    6    1   1   1
    125    0    7    6    1   1   1
    126    1    7    6    1   1   1
    127    2    7    6    1   1   1
    128    3    7    6    1   1   1
    129    5    7    6    1   1   1
    130    0    8    6    1   1   1
    131    1    8    6    1   1   1
    132    2    8    6    1   1   1
    133    0    9    6    1   1   1
    134    1    9    6    1   1   1
    135    2    9    6    1   1   1
    136    0   10    6    1   1   1
    137    1   10    6    1   1   1
    138    2   10    6    1   1   1
    139    0   11    6    1   1   1
    140    1   11    6    1   1   1
    141    2   11    6    1   1   1
    142    0   12    6    1   1   1
    143    1   12    6    1   1   1
    144    2   12    6    1   1   1
    145    1   13    6    1   1   1
    146    1   14    6    1   1   1
    147    1   15    6    1   1   1
    148    1    0    7    1   1   1
    149    1    1    7    1   1   1
    150    1    2    7    1   1   1
    151    0    3    7    1   1   1
    152    1    3    7    1   1   1
    153    2    3    7    1   1   1
    154    0    4    7    1   1   1
    155    1    4    7    1   1   1
    156    2    4    7    1   1   1
    157    3    4    7    1   1   1
    158    0    5    7    1   1   1
    159    1    5    7    1   1   1
    160    2    5    7    1   1   1
    161    4    5    7    1   1   1
    162    0    6    7    1   1   1
    163    1    6    7    1   1   1
    164    2    6    7    1   1   1
    165    3    6    7    1   1   1
    166    4    6    7    1   1   1
    167    0    7    7    1   1   1
    168    1    7    7    1   1   1
    169    2    7    7    1   1   1
    170    3    7    7    1   1   1
    171    4    7    7    1   1   1
    172    5    7    7    1   1   1
    173    0    8    7    1   1   1
    174    1    8    7    1   1   1
    175    2    8    7    1   1   1
    176    3    8    7    1   1   1
    177    4    8    7    1   1   1
    178    5    8    7    1   1   1
    179    0    9    7    1   1   1
    180    1    9    7    1   1   1
    181    2    9    7    1   1   1
    182    0   10    7    1   1   1
    183    1   10    7    1   1   1
    184    2   10    7    1   1   1
    185    1   11    7    1   1   1
    186    1   12    7    1   1   1
    187    1   13    7    1   1   1
    188    1   14    7    1   1   1
    189    1    1    8    1   1   1
    190    0    2    8    1   1   1
    191    1    2    8    1   1   1
    192    0    3    8    1   1   1
    193    1    3    8    1   1   1
    194    0    4    8    1   1   1
    195    1    4    8    1   1   1
    196    2    4    8    1   1   1
    197    3    4    8    1   1   1
    198    0    5    8    1   1   1
    199    1    5    8    1   1   1
    200    2    5    8    1   1   1
    201    3    5    8    1   1   1
    202    4    5    8    1   1   1
    203    0    6    8    1   1   1
    204    1    6    8    1   1   1
    205    2    6    8    1   1   1
    206    3    6    8    1   1   1
    207    4    6    8    1   1   1
    208    0    7    8    1   1   1
    209    1    7    8    1   1   1
    210    2    7    8    1   1   1
    211    3    7    8    1   1   1
    212    4    7    8    1   1   1
    213    0    8    8    1   1   1
    214    1    8    8    1   1   1
    215    2    8    8    1   1   1
    216    4    8    8    1   1   1
    217    0    9    8    1   1   1
    218    1    9    8    1   1   1
    219    2    9    8    1   1   1
    220    1   10    8    1   1   1
    221    2   10    8    1   1   1
    222    1   11    8    1   1   1
    223    1   13    8    1   1   1
    224    0    4    9    1   1   1
    225    1    4    9    1   1   1
    226    0    5    9    1   1   1
    227    1    5    9    1   1   1
    228    2    5    9    1   1   1
    229    3    5    9    1   1   1
    230    0    6    9    1   1   1
    231    1    6    9    1   1   1
    232    2    6    9    1   1   1
    233    3    6    9    1   1   1
    234    0    7    9    1   1   1
    235    1    7    9    1   1   1
    236    2    7    9    1   1   1
    237    3    7    9    1   1   1
    238    4    7    9    1   1   1
    239    0    8    9    1   1   1
    240    1    8    9    1   1   1
    241    4    8    9    1   1   1
    242    0    9    9    1   1   1
    243    1    9    9    1   1   1
    244    1   10    9    1   1   1
    245    1   11    9    1   1   1
    246    1    3   10    1   1   1
    247    1    4   10    1   1   1
    248    0    5   10    1   1   1
    249    1    5   10    1   1   1
    250    2    5   10    1   1   1
    251    0    6   10    1   1   1
    252    1    6   10    1   1   1
    253    2    6   10    1   1   1
    254    3    6   10    1   1   1
    255    1    7   10    1   1   1
    256    3    7   10    1   1   1
    257    4    7   10    1   1   1
    258    0    8   10    1   1   1
    259    1    8   10    1   1   1
    260    4    8   10    1   1   1
    261    0    9   10    1   1   1
    262    1    9   10    1   1   1
    263    0   10   10    1   1   1
    264    1   10   10    1   1   1
    265    1   11   10    1   1   1
    266    1   12   10    1   1   1
    267    1    3   11    1   1   1
    268    0    4   11    1   1   1
    269    1    4   11    1   1   1
    270    0    5   11    1   1   1
    271    1    5   11    1   1   1
    272    0    6   11    1   1   1
    273    1    6   11    1   1   1
    274    3    7   11    1   1   1
    275    0    8   11    1   1   1
    276    1    8   11    1   1   1
    277    1    9   11    1   1   1
    278    0   10   11    1   1   1
    279    1   10   11    1   1   1
    280    1   11   11    1   1   1
    281    0    4   12    1   1   1
    282    1    4   12    1   1   1
    283    1    5   12    1   1   1
    284    1    6   12    1   1   1
    285    1    9   12    1   1   1
    286    1   10   12    1   1   1
    287    1   11   12    1   1   1
