m = 1.7861+0.00357i  
  1 2 3 0 0 = Use Re(n) and Im(n)
  Wavelength(um)   Re(n)     Im(n)     eps1  eps2
    18.000E+006    1.7861  3.574E-004     0     0
     9.000E+006    1.7861  1.337E-003     0     0
     6.000E+006    1.7861  1.337E-003     0     0
     4.500E+006    1.7861  1.337E-003     0     0
     3.600E+006    1.7861  1.337E-003     0     0
     3.000E+006    1.7861  5.173E-003     0     0
     2.570E+006    1.7861  5.173E-003     0     0
     2.250E+006    1.7861  5.173E-003     0     0
     2.000E+006    1.7861  5.173E-003     0     0
     1.800E+006    1.7861  5.173E-003     0     0
     1.630E+006    1.7861  5.173E-003     0     0
     1.500E+006    1.7861  5.173E-003     0     0