generated for a0100-ap=0.224467499 mm on 9/17/2019 to test fortran code  
Number of dipoles/cells : N = 379 ; Number of values per cell/dipole : Nfreqs = 3 
num cel	 f1 Re(n)	 f1 Im(n)	 f2 Re(n)	 f2 Im(n)	 f3 Re(n)	 f3 Im(n)
       1   1.8629   0.0019   1.7254   0.0029   1.8265   0.0031
       2   1.7557   0.0015   1.8915   0.0030   1.7315   0.0040
       3   1.8914   0.0015   1.8601   0.0021   1.7844   0.0039
       4   1.8584   0.0020   1.8311   0.0020   1.8698   0.0039
       5   1.8357   0.0018   1.8486   0.0024   1.8311   0.0032
       6   1.8412   0.0010   1.7554   0.0020   1.7194   0.0038
       7   1.8390   0.0013   1.8900   0.0020   1.7877   0.0034
       8   1.8531   0.0018   1.7374   0.0025   1.7891   0.0036
       9   1.8419   0.0018   1.7552   0.0027   1.8310   0.0032
      10   1.7238   0.0015   1.8919   0.0023   1.8171   0.0032
      11   1.8503   0.0013   1.8012   0.0027   1.8782   0.0040
      12   1.8094   0.0011   1.7299   0.0023   1.8681   0.0033
      13   1.8629   0.0012   1.8859   0.0023   1.7393   0.0033
      14   1.8232   0.0015   1.7703   0.0028   1.8171   0.0035
      15   1.8834   0.0013   1.8514   0.0028   1.7761   0.0036
      16   1.7152   0.0011   1.8062   0.0028   1.8868   0.0031
      17   1.8138   0.0015   1.7024   0.0023   1.7324   0.0038
      18   1.7622   0.0015   1.7331   0.0026   1.7526   0.0037
      19   1.8378   0.0017   1.7901   0.0021   1.7458   0.0039
      20   1.7305   0.0018   1.8077   0.0030   1.7156   0.0034
      21   1.7213   0.0020   1.7009   0.0028   1.8635   0.0039
      22   1.7169   0.0014   1.7520   0.0028   1.7863   0.0039
      23   1.7364   0.0013   1.7291   0.0021   1.8739   0.0036
      24   1.8100   0.0011   1.8706   0.0026   1.7702   0.0035
      25   1.7804   0.0011   1.7480   0.0021   1.7368   0.0032
      26   1.7835   0.0010   1.8805   0.0029   1.7982   0.0035
      27   1.7675   0.0019   1.7738   0.0021   1.8561   0.0034
      28   1.7483   0.0014   1.7193   0.0021   1.8884   0.0040
      29   1.8150   0.0011   1.7470   0.0024   1.8642   0.0030
      30   1.7086   0.0012   1.8298   0.0027   1.8295   0.0035
      31   1.8094   0.0013   1.8489   0.0022   1.8374   0.0032
      32   1.7737   0.0016   1.8560   0.0021   1.8859   0.0038
      33   1.7974   0.0014   1.7894   0.0023   1.8017   0.0035
      34   1.8635   0.0018   1.8289   0.0024   1.8623   0.0035
      35   1.7701   0.0019   1.8752   0.0026   1.8245   0.0036
      36   1.7415   0.0013   1.7942   0.0022   1.8689   0.0032
      37   1.7452   0.0012   1.7455   0.0024   1.7622   0.0039
      38   1.7860   0.0012   1.8810   0.0030   1.7878   0.0031
      39   1.7516   0.0014   1.8190   0.0023   1.8206   0.0037
      40   1.7443   0.0011   1.7593   0.0023   1.7848   0.0035
      41   1.7171   0.0013   1.8602   0.0020   1.8858   0.0037
      42   1.7977   0.0016   1.7475   0.0025   1.8926   0.0035
      43   1.8042   0.0012   1.7978   0.0026   1.8358   0.0034
      44   1.7735   0.0020   1.7075   0.0029   1.8827   0.0038
      45   1.7197   0.0013   1.7671   0.0027   1.7273   0.0037
      46   1.7214   0.0017   1.7988   0.0028   1.8430   0.0039
      47   1.8782   0.0013   1.8397   0.0022   1.7061   0.0037
      48   1.8000   0.0015   1.8809   0.0026   1.8235   0.0039
      49   1.8611   0.0016   1.7366   0.0022   1.8773   0.0030
      50   1.7980   0.0012   1.8957   0.0027   1.8001   0.0035
      51   1.7119   0.0017   1.7085   0.0021   1.8043   0.0031
      52   1.8636   0.0018   1.8445   0.0021   1.8319   0.0035
      53   1.8946   0.0016   1.8601   0.0025   1.7865   0.0038
      54   1.7167   0.0011   1.7347   0.0024   1.8663   0.0038
      55   1.7121   0.0014   1.8054   0.0024   1.8314   0.0036
      56   1.7584   0.0014   1.7031   0.0030   1.7334   0.0031
      57   1.7745   0.0012   1.7979   0.0023   1.8903   0.0039
      58   1.7105   0.0017   1.7538   0.0024   1.8096   0.0039
      59   1.7835   0.0020   1.7603   0.0027   1.8333   0.0035
      60   1.8396   0.0017   1.7356   0.0021   1.8998   0.0032
      61   1.7065   0.0016   1.8764   0.0027   1.7381   0.0034
      62   1.7921   0.0020   1.7313   0.0029   1.8290   0.0034
      63   1.7382   0.0014   1.7964   0.0021   1.8179   0.0032
      64   1.7769   0.0016   1.7504   0.0023   1.8234   0.0033
      65   1.8649   0.0020   1.8460   0.0023   1.8168   0.0031
      66   1.8813   0.0019   1.8636   0.0023   1.8189   0.0030
      67   1.7851   0.0013   1.7323   0.0022   1.7846   0.0031
      68   1.8197   0.0015   1.8392   0.0027   1.8277   0.0030
      69   1.7138   0.0013   1.8062   0.0027   1.7815   0.0038
      70   1.8437   0.0020   1.8063   0.0023   1.7211   0.0036
      71   1.8558   0.0014   1.7182   0.0023   1.7307   0.0033
      72   1.7880   0.0015   1.7915   0.0029   1.8036   0.0039
      73   1.8275   0.0020   1.7481   0.0027   1.7578   0.0037
      74   1.8390   0.0011   1.7510   0.0022   1.8336   0.0038
      75   1.7689   0.0018   1.8351   0.0020   1.8204   0.0034
      76   1.8832   0.0010   1.7925   0.0024   1.7922   0.0038
      77   1.7645   0.0018   1.7943   0.0020   1.7352   0.0037
      78   1.7947   0.0012   1.7682   0.0026   1.7383   0.0037
      79   1.7486   0.0019   1.7538   0.0028   1.7377   0.0033
      80   1.7182   0.0016   1.8367   0.0025   1.7851   0.0036
      81   1.8295   0.0017   1.8272   0.0029   1.7418   0.0037
      82   1.7472   0.0011   1.8215   0.0025   1.7917   0.0037
      83   1.8541   0.0014   1.8324   0.0024   1.8684   0.0038
      84   1.7513   0.0016   1.8164   0.0025   1.8740   0.0033
      85   1.7636   0.0011   1.8880   0.0026   1.7959   0.0036
      86   1.8089   0.0016   1.8088   0.0027   1.8045   0.0040
      87   1.7437   0.0011   1.7219   0.0021   1.7809   0.0034
      88   1.7732   0.0018   1.8256   0.0028   1.8866   0.0040
      89   1.7384   0.0011   1.8393   0.0021   1.8051   0.0035
      90   1.8722   0.0015   1.7787   0.0027   1.8483   0.0035
      91   1.7695   0.0011   1.8172   0.0023   1.7089   0.0038
      92   1.7486   0.0014   1.8376   0.0024   1.8473   0.0034
      93   1.8367   0.0017   1.7885   0.0020   1.7662   0.0034
      94   1.7541   0.0012   1.8643   0.0024   1.8776   0.0034
      95   1.8538   0.0014   1.8617   0.0028   1.7755   0.0032
      96   1.8581   0.0019   1.7655   0.0027   1.7877   0.0038
      97   1.8538   0.0012   1.8724   0.0030   1.8029   0.0039
      98   1.8176   0.0012   1.7400   0.0024   1.8497   0.0038
      99   1.8580   0.0013   1.8068   0.0021   1.7223   0.0031
     100   1.8357   0.0015   1.7379   0.0025   1.7295   0.0031
     101   1.8701   0.0016   1.8859   0.0027   1.8166   0.0038
     102   1.8758   0.0020   1.7001   0.0029   1.8225   0.0040
     103   1.8055   0.0015   1.8603   0.0022   1.7996   0.0039
     104   1.8149   0.0018   1.8477   0.0026   1.7493   0.0037
     105   1.7167   0.0016   1.8322   0.0027   1.8782   0.0040
     106   1.8538   0.0016   1.8857   0.0026   1.7034   0.0031
     107   1.8725   0.0015   1.8690   0.0022   1.8105   0.0036
     108   1.7064   0.0016   1.7725   0.0020   1.7979   0.0032
     109   1.7246   0.0012   1.7293   0.0022   1.7085   0.0036
     110   1.7564   0.0015   1.8390   0.0025   1.8072   0.0034
     111   1.7248   0.0015   1.8706   0.0029   1.7541   0.0032
     112   1.8130   0.0016   1.7834   0.0022   1.8896   0.0031
     113   1.7211   0.0011   1.7333   0.0026   1.8147   0.0031
     114   1.8862   0.0017   1.8476   0.0021   1.8721   0.0039
     115   1.8969   0.0019   1.8571   0.0025   1.7355   0.0034
     116   1.7268   0.0010   1.8878   0.0023   1.7591   0.0033
     117   1.7934   0.0016   1.7050   0.0028   1.8118   0.0039
     118   1.7696   0.0014   1.7108   0.0022   1.8326   0.0033
     119   1.8797   0.0011   1.8977   0.0025   1.8414   0.0040
     120   1.7576   0.0014   1.7930   0.0028   1.8636   0.0031
     121   1.7356   0.0014   1.7113   0.0025   1.7672   0.0032
     122   1.7418   0.0019   1.8351   0.0025   1.8824   0.0031
     123   1.8491   0.0017   1.8124   0.0022   1.8194   0.0033
     124   1.7268   0.0012   1.8790   0.0021   1.7485   0.0031
     125   1.7883   0.0010   1.8794   0.0022   1.7187   0.0033
     126   1.7912   0.0011   1.8991   0.0023   1.7595   0.0031
     127   1.7596   0.0010   1.8011   0.0028   1.8262   0.0031
     128   1.7162   0.0018   1.8810   0.0025   1.7218   0.0038
     129   1.7676   0.0013   1.8493   0.0020   1.7097   0.0037
     130   1.8207   0.0015   1.8459   0.0027   1.8563   0.0033
     131   1.8385   0.0016   1.7793   0.0021   1.8560   0.0033
     132   1.8216   0.0017   1.7210   0.0021   1.8099   0.0035
     133   1.8781   0.0018   1.8469   0.0021   1.7146   0.0031
     134   1.8597   0.0019   1.8367   0.0021   1.8445   0.0031
     135   1.7235   0.0016   1.7658   0.0027   1.8498   0.0036
     136   1.8480   0.0012   1.8470   0.0030   1.8734   0.0031
     137   1.7733   0.0014   1.8370   0.0026   1.8579   0.0034
     138   1.7412   0.0011   1.8544   0.0022   1.7777   0.0036
     139   1.7458   0.0016   1.7969   0.0022   1.8564   0.0031
     140   1.7588   0.0012   1.8062   0.0021   1.7811   0.0031
     141   1.7225   0.0018   1.7583   0.0026   1.8929   0.0034
     142   1.8390   0.0018   1.7865   0.0027   1.7220   0.0039
     143   1.7375   0.0013   1.8596   0.0025   1.8538   0.0034
     144   1.7546   0.0010   1.8347   0.0024   1.7903   0.0036
     145   1.7119   0.0013   1.8545   0.0027   1.7251   0.0031
     146   1.7185   0.0010   1.7846   0.0027   1.8446   0.0035
     147   1.7218   0.0016   1.7253   0.0021   1.7197   0.0031
     148   1.7337   0.0012   1.7635   0.0023   1.7435   0.0033
     149   1.8786   0.0017   1.8111   0.0022   1.7424   0.0031
     150   1.8828   0.0017   1.8116   0.0023   1.7332   0.0036
     151   1.8976   0.0012   1.7516   0.0024   1.7148   0.0037
     152   1.7805   0.0020   1.7804   0.0026   1.7309   0.0034
     153   1.7322   0.0018   1.8742   0.0024   1.8371   0.0033
     154   1.8061   0.0018   1.8195   0.0023   1.7598   0.0035
     155   1.7845   0.0014   1.8117   0.0027   1.7849   0.0034
     156   1.7250   0.0010   1.7580   0.0023   1.8307   0.0040
     157   1.8871   0.0015   1.7481   0.0028   1.8519   0.0037
     158   1.8487   0.0011   1.8363   0.0025   1.7424   0.0031
     159   1.8647   0.0012   1.7327   0.0027   1.8789   0.0035
     160   1.8405   0.0012   1.8907   0.0025   1.8359   0.0030
     161   1.8618   0.0017   1.7240   0.0025   1.7652   0.0035
     162   1.7798   0.0014   1.7361   0.0023   1.7041   0.0039
     163   1.8307   0.0019   1.7327   0.0029   1.8589   0.0036
     164   1.7880   0.0013   1.8504   0.0022   1.7128   0.0038
     165   1.8342   0.0017   1.8284   0.0024   1.7782   0.0038
     166   1.7635   0.0018   1.8578   0.0029   1.8011   0.0036
     167   1.8902   0.0014   1.7120   0.0029   1.8262   0.0034
     168   1.8994   0.0012   1.8305   0.0026   1.7774   0.0031
     169   1.7050   0.0014   1.7368   0.0027   1.7741   0.0038
     170   1.8468   0.0016   1.7354   0.0030   1.7531   0.0039
     171   1.7448   0.0014   1.7175   0.0026   1.7361   0.0030
     172   1.8446   0.0013   1.8321   0.0024   1.8255   0.0030
     173   1.8821   0.0018   1.8492   0.0028   1.7767   0.0036
     174   1.8151   0.0015   1.7550   0.0022   1.7903   0.0032
     175   1.8609   0.0020   1.7060   0.0025   1.7174   0.0038
     176   1.8978   0.0011   1.8879   0.0020   1.8368   0.0038
     177   1.8068   0.0019   1.8798   0.0026   1.7276   0.0032
     178   1.7364   0.0010   1.7214   0.0026   1.8879   0.0034
     179   1.7821   0.0020   1.8891   0.0027   1.8977   0.0038
     180   1.7673   0.0017   1.7488   0.0023   1.8360   0.0035
     181   1.7823   0.0016   1.8501   0.0026   1.8104   0.0036
     182   1.8024   0.0011   1.8439   0.0030   1.7709   0.0040
     183   1.7693   0.0019   1.7909   0.0024   1.7435   0.0031
     184   1.7618   0.0017   1.8566   0.0027   1.7020   0.0038
     185   1.8845   0.0018   1.7085   0.0024   1.8409   0.0037
     186   1.7449   0.0013   1.8346   0.0025   1.8247   0.0032
     187   1.7354   0.0018   1.8534   0.0029   1.7216   0.0032
     188   1.7198   0.0015   1.7386   0.0029   1.7198   0.0030
     189   1.8115   0.0018   1.7624   0.0022   1.7678   0.0032
     190   1.8020   0.0019   1.8258   0.0021   1.7782   0.0031
     191   1.8003   0.0014   1.8995   0.0028   1.7971   0.0039
     192   1.7275   0.0014   1.8855   0.0029   1.8427   0.0036
     193   1.7687   0.0019   1.7250   0.0027   1.8293   0.0038
     194   1.7797   0.0017   1.8670   0.0023   1.8105   0.0040
     195   1.8099   0.0013   1.8239   0.0024   1.8513   0.0034
     196   1.7985   0.0017   1.8945   0.0023   1.8676   0.0037
     197   1.8908   0.0010   1.7714   0.0027   1.7563   0.0032
     198   1.8422   0.0016   1.8181   0.0027   1.7095   0.0033
     199   1.7903   0.0012   1.8430   0.0029   1.7563   0.0037
     200   1.7276   0.0018   1.7277   0.0026   1.7732   0.0038
     201   1.8008   0.0015   1.8754   0.0024   1.7899   0.0040
     202   1.7085   0.0020   1.7378   0.0027   1.8173   0.0037
     203   1.7722   0.0016   1.8622   0.0020   1.7168   0.0040
     204   1.8303   0.0012   1.7807   0.0021   1.7537   0.0033
     205   1.7663   0.0012   1.7696   0.0021   1.8768   0.0031
     206   1.8860   0.0014   1.7095   0.0023   1.8472   0.0038
     207   1.8090   0.0017   1.8787   0.0021   1.7607   0.0030
     208   1.7391   0.0017   1.8444   0.0029   1.8165   0.0031
     209   1.8845   0.0018   1.7572   0.0025   1.8970   0.0037
     210   1.8678   0.0014   1.7941   0.0026   1.7538   0.0037
     211   1.8008   0.0016   1.7615   0.0021   1.7951   0.0034
     212   1.8576   0.0018   1.8337   0.0021   1.7043   0.0036
     213   1.7602   0.0019   1.8962   0.0023   1.8602   0.0039
     214   1.8195   0.0019   1.8887   0.0025   1.8457   0.0036
     215   1.7052   0.0014   1.8293   0.0025   1.7745   0.0039
     216   1.8659   0.0018   1.7745   0.0026   1.8745   0.0039
     217   1.8337   0.0012   1.8308   0.0021   1.7813   0.0037
     218   1.8867   0.0018   1.7969   0.0028   1.7834   0.0040
     219   1.8976   0.0019   1.7778   0.0025   1.7493   0.0038
     220   1.8766   0.0019   1.8117   0.0026   1.7298   0.0039
     221   1.7901   0.0012   1.8799   0.0028   1.8765   0.0033
     222   1.8346   0.0017   1.7246   0.0024   1.7551   0.0037
     223   1.7567   0.0019   1.8653   0.0024   1.7996   0.0037
     224   1.8669   0.0016   1.8149   0.0023   1.7913   0.0037
     225   1.8769   0.0017   1.7037   0.0027   1.7877   0.0034
     226   1.7234   0.0018   1.7650   0.0022   1.7685   0.0034
     227   1.8093   0.0016   1.7792   0.0024   1.8031   0.0037
     228   1.8902   0.0017   1.7800   0.0028   1.7269   0.0031
     229   1.7168   0.0012   1.7648   0.0023   1.7023   0.0035
     230   1.7191   0.0011   1.8262   0.0029   1.8948   0.0036
     231   1.8994   0.0016   1.8031   0.0023   1.7860   0.0035
     232   1.7142   0.0019   1.7129   0.0024   1.8653   0.0034
     233   1.8227   0.0018   1.8772   0.0029   1.7382   0.0033
     234   1.8796   0.0016   1.8008   0.0026   1.8639   0.0035
     235   1.7404   0.0015   1.7856   0.0030   1.8240   0.0037
     236   1.8440   0.0013   1.8034   0.0026   1.7313   0.0036
     237   1.8390   0.0014   1.8673   0.0027   1.7720   0.0035
     238   1.7773   0.0018   1.8469   0.0024   1.8388   0.0039
     239   1.8568   0.0017   1.7219   0.0024   1.8182   0.0035
     240   1.7101   0.0012   1.8668   0.0020   1.8727   0.0031
     241   1.8338   0.0015   1.7436   0.0026   1.7244   0.0037
     242   1.8199   0.0011   1.7113   0.0022   1.7039   0.0034
     243   1.8664   0.0016   1.8040   0.0029   1.7195   0.0039
     244   1.7216   0.0015   1.7286   0.0026   1.7009   0.0038
     245   1.8697   0.0019   1.8974   0.0025   1.7543   0.0031
     246   1.8016   0.0016   1.8526   0.0021   1.8323   0.0035
     247   1.7342   0.0019   1.8181   0.0024   1.8884   0.0037
     248   1.7904   0.0018   1.8065   0.0026   1.8360   0.0034
     249   1.7479   0.0016   1.8734   0.0024   1.7225   0.0034
     250   1.7600   0.0014   1.8667   0.0024   1.7780   0.0034
     251   1.7281   0.0013   1.7174   0.0024   1.7515   0.0033
     252   1.7850   0.0011   1.7990   0.0027   1.7487   0.0038
     253   1.7148   0.0014   1.7007   0.0022   1.7003   0.0032
     254   1.7285   0.0013   1.7350   0.0021   1.8198   0.0039
     255   1.8879   0.0012   1.7965   0.0024   1.8048   0.0033
     256   1.7137   0.0014   1.7348   0.0020   1.8909   0.0034
     257   1.8923   0.0018   1.7015   0.0027   1.8412   0.0036
     258   1.8105   0.0012   1.8545   0.0022   1.7742   0.0039
     259   1.8713   0.0014   1.7636   0.0026   1.8820   0.0039
     260   1.8183   0.0013   1.8706   0.0024   1.8809   0.0030
     261   1.8065   0.0017   1.7359   0.0023   1.7375   0.0033
     262   1.7808   0.0015   1.7097   0.0026   1.7550   0.0032
     263   1.7486   0.0012   1.8913   0.0029   1.8637   0.0037
     264   1.7352   0.0014   1.7378   0.0020   1.7633   0.0037
     265   1.8251   0.0015   1.7878   0.0023   1.8003   0.0038
     266   1.8525   0.0016   1.8495   0.0026   1.7246   0.0035
     267   1.7695   0.0011   1.7296   0.0022   1.8345   0.0034
     268   1.8389   0.0013   1.7020   0.0025   1.7559   0.0039
     269   1.8813   0.0014   1.7050   0.0027   1.8674   0.0040
     270   1.7114   0.0015   1.8165   0.0027   1.8439   0.0037
     271   1.8454   0.0014   1.8163   0.0021   1.7115   0.0040
     272   1.7570   0.0016   1.8924   0.0022   1.7386   0.0033
     273   1.8866   0.0014   1.7546   0.0022   1.7794   0.0034
     274   1.7262   0.0014   1.7183   0.0026   1.7022   0.0036
     275   1.8579   0.0012   1.7896   0.0026   1.7123   0.0035
     276   1.8285   0.0012   1.8674   0.0030   1.8693   0.0035
     277   1.7558   0.0017   1.7474   0.0030   1.8241   0.0036
     278   1.7345   0.0011   1.7511   0.0029   1.8822   0.0037
     279   1.8450   0.0012   1.8152   0.0028   1.7808   0.0040
     280   1.7180   0.0013   1.8023   0.0021   1.8451   0.0036
     281   1.8059   0.0018   1.8718   0.0028   1.7636   0.0035
     282   1.8504   0.0011   1.7219   0.0023   1.8049   0.0040
     283   1.8421   0.0013   1.7583   0.0029   1.8823   0.0036
     284   1.7511   0.0011   1.8677   0.0026   1.8896   0.0031
     285   1.8169   0.0013   1.8655   0.0022   1.7885   0.0034
     286   1.8653   0.0017   1.7415   0.0023   1.7268   0.0037
     287   1.8142   0.0012   1.7295   0.0025   1.8816   0.0036
     288   1.7066   0.0011   1.8610   0.0025   1.7765   0.0038
     289   1.7729   0.0015   1.8423   0.0029   1.7657   0.0037
     290   1.8950   0.0011   1.8174   0.0024   1.7618   0.0033
     291   1.8518   0.0020   1.7373   0.0028   1.7392   0.0040
     292   1.8605   0.0014   1.8458   0.0025   1.8618   0.0034
     293   1.7146   0.0016   1.8820   0.0022   1.7865   0.0037
     294   1.7078   0.0019   1.8527   0.0026   1.7368   0.0035
     295   1.8036   0.0020   1.8710   0.0030   1.8358   0.0034
     296   1.8870   0.0015   1.7464   0.0024   1.8410   0.0036
     297   1.8513   0.0020   1.8925   0.0025   1.8928   0.0031
     298   1.7103   0.0013   1.8160   0.0025   1.8802   0.0035
     299   1.7864   0.0015   1.8425   0.0020   1.8602   0.0031
     300   1.7957   0.0013   1.7738   0.0027   1.7339   0.0033
     301   1.7396   0.0012   1.7654   0.0029   1.7942   0.0034
     302   1.7358   0.0020   1.7815   0.0028   1.8231   0.0034
     303   1.8754   0.0018   1.7930   0.0028   1.8797   0.0034
     304   1.7669   0.0016   1.8804   0.0027   1.7755   0.0037
     305   1.8908   0.0015   1.8080   0.0023   1.7142   0.0032
     306   1.7186   0.0015   1.7019   0.0029   1.8285   0.0030
     307   1.7061   0.0012   1.7910   0.0021   1.7017   0.0037
     308   1.7708   0.0018   1.7873   0.0024   1.7098   0.0030
     309   1.7182   0.0016   1.7482   0.0028   1.8714   0.0040
     310   1.7978   0.0012   1.7452   0.0025   1.8524   0.0033
     311   1.7922   0.0016   1.8835   0.0022   1.8431   0.0036
     312   1.7867   0.0019   1.7786   0.0022   1.8267   0.0036
     313   1.7656   0.0018   1.8999   0.0030   1.7254   0.0032
     314   1.7047   0.0016   1.7222   0.0024   1.8768   0.0035
     315   1.7738   0.0012   1.7882   0.0030   1.7248   0.0035
     316   1.8714   0.0010   1.8383   0.0030   1.7567   0.0031
     317   1.8371   0.0019   1.8222   0.0029   1.7387   0.0038
     318   1.7693   0.0014   1.7311   0.0028   1.8250   0.0037
     319   1.8610   0.0011   1.8902   0.0025   1.8510   0.0037
     320   1.8662   0.0012   1.7915   0.0026   1.8864   0.0038
     321   1.8791   0.0016   1.8165   0.0029   1.7070   0.0039
     322   1.7815   0.0010   1.8492   0.0022   1.7288   0.0036
     323   1.7509   0.0013   1.7804   0.0024   1.7772   0.0036
     324   1.7334   0.0012   1.7189   0.0023   1.8539   0.0032
     325   1.8481   0.0017   1.8648   0.0028   1.7587   0.0033
     326   1.8046   0.0013   1.8664   0.0028   1.8114   0.0033
     327   1.8361   0.0012   1.7913   0.0024   1.8077   0.0040
     328   1.8510   0.0020   1.7470   0.0025   1.7103   0.0038
     329   1.8204   0.0019   1.8977   0.0029   1.7819   0.0030
     330   1.8082   0.0012   1.7439   0.0023   1.7192   0.0037
     331   1.8497   0.0015   1.7676   0.0028   1.8105   0.0040
     332   1.8786   0.0014   1.8093   0.0023   1.8246   0.0038
     333   1.8492   0.0011   1.8645   0.0020   1.7829   0.0037
     334   1.8563   0.0014   1.8490   0.0029   1.7485   0.0031
     335   1.7450   0.0014   1.7574   0.0029   1.7103   0.0036
     336   1.7326   0.0018   1.7335   0.0025   1.8999   0.0034
     337   1.7094   0.0012   1.7796   0.0023   1.7459   0.0039
     338   1.8366   0.0020   1.7876   0.0029   1.7012   0.0036
     339   1.8602   0.0012   1.8865   0.0028   1.8653   0.0036
     340   1.8585   0.0013   1.7447   0.0023   1.8169   0.0038
     341   1.7581   0.0014   1.8724   0.0026   1.8982   0.0032
     342   1.8654   0.0017   1.7498   0.0025   1.7798   0.0036
     343   1.8601   0.0011   1.8643   0.0028   1.7709   0.0034
     344   1.8144   0.0017   1.8485   0.0028   1.7778   0.0034
     345   1.8913   0.0016   1.8699   0.0023   1.8245   0.0036
     346   1.8927   0.0011   1.8001   0.0025   1.7180   0.0039
     347   1.8769   0.0014   1.8563   0.0021   1.8240   0.0033
     348   1.7891   0.0018   1.7392   0.0023   1.7967   0.0033
     349   1.8597   0.0020   1.7318   0.0022   1.8404   0.0034
     350   1.8947   0.0020   1.8287   0.0029   1.7804   0.0036
     351   1.8970   0.0016   1.8867   0.0027   1.7968   0.0036
     352   1.8775   0.0012   1.7791   0.0030   1.7805   0.0037
     353   1.8803   0.0020   1.8306   0.0021   1.7072   0.0036
     354   1.8134   0.0020   1.8492   0.0027   1.8047   0.0033
     355   1.8924   0.0015   1.7061   0.0027   1.8039   0.0031
     356   1.8780   0.0013   1.7459   0.0021   1.7622   0.0032
     357   1.8304   0.0011   1.7551   0.0023   1.8760   0.0034
     358   1.8512   0.0016   1.8567   0.0021   1.8957   0.0038
     359   1.7101   0.0015   1.7651   0.0026   1.7461   0.0036
     360   1.8206   0.0016   1.7897   0.0020   1.8028   0.0034
     361   1.7216   0.0015   1.7902   0.0026   1.8611   0.0037
     362   1.8744   0.0011   1.7439   0.0025   1.8917   0.0038
     363   1.7904   0.0013   1.7118   0.0027   1.8014   0.0032
     364   1.7854   0.0012   1.8503   0.0024   1.8884   0.0030
     365   1.8658   0.0016   1.8077   0.0027   1.8453   0.0031
     366   1.8755   0.0010   1.7589   0.0022   1.8853   0.0031
     367   1.8162   0.0016   1.8303   0.0029   1.7112   0.0038
     368   1.8058   0.0017   1.7425   0.0025   1.8405   0.0040
     369   1.7889   0.0011   1.7115   0.0026   1.8592   0.0037
     370   1.7691   0.0019   1.8040   0.0030   1.7147   0.0032
     371   1.8550   0.0019   1.8565   0.0023   1.7304   0.0038
     372   1.8570   0.0013   1.7456   0.0023   1.8659   0.0038
     373   1.8141   0.0016   1.7572   0.0027   1.8593   0.0034
     374   1.7892   0.0015   1.7558   0.0027   1.8807   0.0039
     375   1.8494   0.0013   1.8379   0.0021   1.7247   0.0032
     376   1.7291   0.0016   1.7147   0.0028   1.8446   0.0039
     377   1.7985   0.0017   1.8780   0.0025   1.7564   0.0040
     378   1.7073   0.0013   1.8946   0.0024   1.7618   0.0031
     379   1.8832   0.0011   1.7664   0.0029   1.7999   0.0036
